1084
1 12
8 19 41 44 47 55 57 59 64 84 85 92
2 7
33 63 66 70 101 106 318
3 6
11 26 29 49 50 115
4 6
39 56 77 98 99 103
5 5
8 27 48 111 119
6 8
10 52 54 83 105 118 123 125
7 7
20 58 61 62 79 569 808
8 7
1 5 16 27 57 64 111
9 5
28 34 54 102 122
10 8
6 25 28 54 109 116 122 125
11 9
3 12 24 26 44 50 67 76 107
12 6
11 16 21 26 44 115
13 4
32 113 447 448
14 7
74 94 97 113 421 424 432
15 3
73 106 337
16 7
8 12 21 40 44 57 111
17 5
39 43 51 100 103
18 8
46 67 76 92 93 96 102 107
19 4
1 41 92 96
20 5
7 22 58 569 575
21 4
12 16 40 115
22 5
20 58 79 88 575
23 4
60 112 116 122
24 6
11 29 50 67 78 86
25 6
10 35 109 125 430 434
26 4
3 11 12 115
27 8
5 8 47 48 64 84 87 101
28 4
9 10 54 122
29 6
3 24 49 50 78 114
30 5
68 80 81 90 99
31 7
108 117 318 327 331 334 338
32 4
13 36 113 447
33 8
2 38 63 66 69 85 104 106
34 4
9 52 54 102
35 6
25 45 75 125 422 430
36 4
32 72 113 447
37 2
103 123
38 6
33 53 91 95 104 106
39 5
4 17 77 100 103
40 6
16 21 88 111 115 119
41 6
1 19 43 51 55 96
42 7
49 60 71 72 78 114 582
43 7
17 41 46 51 96 102 103
44 7
1 11 12 16 57 92 107
45 6
35 75 105 125 169 185
46 4
18 43 96 102
47 5
1 27 59 84 87
48 8
5 27 62 65 101 108 110 119
49 7
3 29 42 71 114 115 120
50 4
3 11 24 29
51 6
17 41 43 55 96 100
52 5
6 34 54 102 123
53 6
38 56 77 90 95 104
54 6
6 9 10 28 34 52
55 5
1 41 51 85 100
56 5
4 53 77 90 98
57 4
1 8 16 44
58 4
7 20 22 79
59 4
1 47 64 87
60 11
23 42 72 78 86 109 112 116 434 439 447
61 5
7 62 108 334 808
62 6
7 48 61 79 108 110
63 6
2 33 66 70 84 85
64 5
1 8 27 59 87
65 5
48 101 108 117 318
66 3
2 33 63
67 7
11 18 24 76 86 89 93
68 4
30 80 99 123
69 5
33 77 85 100 104
70 4
2 63 84 101
71 3
42 49 120
72 6
36 42 60 113 447 582
73 4
15 106 333 337
74 3
14 94 113
75 5
35 45 169 179 422
76 4
11 18 67 107
77 7
4 39 53 56 69 100 104
78 6
24 29 42 60 86 114
79 6
7 22 58 62 88 110
80 9
30 68 81 83 123 124 267 821 832
81 6
30 80 82 90 95 267
82 5
81 91 95 106 267
83 9
6 80 105 118 121 123 124 157 182
84 7
1 27 47 63 70 85 101
85 7
1 33 55 63 69 84 100
86 6
24 60 67 78 89 112
87 4
27 47 59 64
88 7
22 40 79 110 115 119 575
89 6
67 86 93 102 112 122
90 7
30 53 56 81 95 98 99
91 4
38 82 95 106
92 6
1 18 19 44 96 107
93 4
18 67 89 102
94 2
14 74
95 7
38 53 81 82 90 91 106
96 7
18 19 41 43 46 51 92
97 4
14 113 421 448
98 4
4 56 90 99
99 7
4 30 68 90 98 103 123
100 7
17 39 51 55 69 77 85
101 7
2 27 48 65 70 84 318
102 11
9 18 34 43 46 52 89 93 103 122 123
103 8
4 17 37 39 43 99 102 123
104 5
33 38 53 69 77
105 6
6 45 83 125 182 185
106 12
2 15 33 38 73 82 91 95 267 318 324 333
107 5
11 18 44 76 92
108 7
31 48 61 62 65 117 334
109 5
10 25 60 116 439
110 5
48 62 79 88 119
111 5
5 8 16 40 119
112 5
23 60 86 89 122
113 10
13 14 32 36 72 74 97 448 582 586
114 4
29 42 49 78
115 10
3 12 21 26 40 49 88 120 565 575
116 5
10 23 60 109 122
117 4
31 65 108 318
118 4
6 83 121 123
119 6
5 40 48 88 110 111
120 5
49 71 115 565 572
121 3
83 118 123
122 8
9 10 23 28 89 102 112 116
123 11
6 37 52 68 80 83 99 102 103 118 121
124 7
80 83 157 819 832 876 877
125 6
6 10 25 35 45 105
126 5
130 139 145 147 658
127 8
130 131 133 137 138 142 147 148
128 8
129 134 138 143 146 640 644 654
129 4
128 134 138 142
130 6
126 127 133 139 145 147
131 4
127 136 147 148
132 4
136 140 142 183
133 6
127 130 137 141 145 658
134 7
128 129 140 142 143 156 175
135 4
138 144 653 658
136 5
131 132 142 148 183
137 6
127 133 138 141 142 144
138 9
127 128 129 135 137 142 144 653 654
139 3
126 130 147
140 8
132 134 142 175 176 183 187 192
141 4
133 137 144 658
142 9
127 129 132 134 136 137 138 140 148
143 5
128 134 146 156 175
144 5
135 137 138 141 658
145 4
126 130 133 658
146 4
128 143 156 640
147 5
126 127 130 131 139
148 4
127 131 136 142
149 19
453 457 464 465 466 469 477 493 496 506 517 526 535 552 554 595 665 672 676
150 7
154 160 183 184 190 191 918
151 8
165 169 172 179 189 907 910 921
152 3
155 172 189
153 3
169 171 174
154 7
150 166 168 176 190 191 918
155 6
152 164 167 172 181 189
156 10
134 143 146 162 166 175 180 187 640 648
157 4
83 124 182 877
158 3
165 170 188
159 7
161 165 193 651 901 912 919
160 4
150 183 184 192
161 8
159 168 178 193 903 905 912 918
162 4
156 180 648 659
163 5
164 173 181 420 643
164 6
155 163 167 172 181 643
165 10
151 158 159 170 172 188 901 906 915 921
166 6
154 156 168 176 180 187
167 6
155 164 172 177 643 647
168 6
154 161 166 178 180 918
169 9
45 75 151 153 171 174 179 185 189
170 7
158 165 172 177 188 655 656
171 8
153 169 174 185 186 398 408 877
172 9
151 152 155 164 165 167 170 177 189
173 5
163 174 181 410 420
174 8
153 169 171 173 181 189 408 410
175 5
134 140 143 156 187
176 6
140 154 166 187 190 192
177 5
167 170 172 647 655
178 4
161 168 180 193
179 5
75 151 169 422 907
180 7
156 162 166 168 178 193 659
181 6
155 163 164 173 174 189
182 6
83 105 157 185 186 877
183 6
132 136 140 150 160 192
184 4
150 160 190 192
185 6
45 105 169 171 182 186
186 4
171 182 185 877
187 5
140 156 166 175 176
188 5
158 165 170 656 657
189 7
151 152 155 169 172 174 181
190 6
150 154 176 184 191 192
191 3
150 154 190
192 6
140 160 176 183 184 190
193 6
159 161 178 180 651 659
194 10
202 214 216 221 251 255 274 293 295 314
195 5
224 232 235 245 292
196 11
222 240 248 258 260 275 291 308 316 1022 1031
197 7
216 223 230 244 250 251 847
198 6
200 208 264 312 836 842
199 4
247 258 275 316
200 7
198 205 208 218 229 264 299
201 7
243 278 288 296 304 824 862
202 6
194 238 254 269 295 314
203 6
206 210 262 272 309 815
204 5
206 217 246 462 534
205 3
200 218 229
206 6
203 204 210 246 262 534
207 6
232 245 247 258 277 282
208 5
198 200 229 283 842
209 7
232 247 257 269 301 313 316
210 6
203 206 272 279 303 534
211 6
220 227 236 825 833 862
212 8
226 239 243 266 289 1024 1033 1035
213 5
276 281 306 847 891
214 6
194 255 287 295 305 311
215 4
269 271 295 315
216 7
194 197 251 255 294 311 847
217 6
204 246 252 462 514 527
218 7
200 205 229 231 253 299 307
219 5
304 824 866 869 884
220 7
211 236 759 787 833 1016 1018
221 3
194 274 293
222 5
196 237 265 291 308
223 6
197 244 251 273 274 293
224 6
195 235 245 282 480 551
225 6
259 283 302 828 842 847
226 7
212 236 243 261 278 1019 1024
227 5
211 233 236 261 862
228 6
237 259 265 291 302 311
229 6
200 205 208 218 253 283
230 4
197 244 250 284
231 5
218 248 289 299 307
232 9
195 207 209 245 247 257 292 298 300
233 4
227 261 278 862
234 6
235 292 298 300 504 547
235 7
195 224 234 292 482 504 551
236 8
211 220 226 227 261 1016 1018 1019
237 5
222 228 265 291 308
238 4
202 254 269 301
239 5
212 243 285 289 296
240 6
196 248 260 263 266 1020
241 5
257 300 313 547 559
242 2
268 562
243 6
201 212 226 239 278 296
244 6
197 223 230 273 284 297
245 6
195 207 224 232 247 282
246 6
204 206 217 252 262 280
247 7
199 207 209 232 245 258 316
248 8
196 231 240 249 266 289 291 307
249 3
248 291 307
250 8
197 230 276 284 306 817 847 875
251 5
194 197 216 223 293
252 7
217 246 256 268 280 514 562
253 6
218 229 283 291 302 307
254 6
202 238 301 310 313 314
255 4
194 214 216 311
256 9
252 262 267 268 280 562 821 844 857
257 5
209 232 241 300 313
258 10
196 199 207 247 275 277 1022 1026 1032 1036
259 7
225 228 294 302 311 828 847
260 5
196 240 1020 1021 1031
261 5
226 227 233 236 278
262 7
203 206 246 256 280 309 844
263 5
240 266 1020 1027 1035
264 7
198 200 285 286 290 299 312
265 9
222 228 237 271 287 305 308 311 316
266 6
212 240 248 263 289 1035
267 9
80 81 82 106 256 324 518 562 821
268 6
242 252 256 280 514 562
269 8
202 209 215 238 271 295 301 316
270 7
273 274 279 297 303 478 486
271 6
215 265 269 287 315 316
272 7
203 210 284 297 303 815 875
273 6
223 244 270 274 293 297
274 9
194 221 223 270 273 293 314 486 501
275 4
196 199 258 316
276 7
213 250 281 306 817 853 881
277 6
207 258 282 516 662 1032
278 6
201 226 233 243 261 862
279 6
210 270 303 478 534 540
280 5
246 252 256 262 268
281 4
213 276 881 891
282 6
207 224 245 277 480 516
283 6
208 225 229 253 302 842
284 6
230 244 250 272 297 875
285 7
239 264 286 289 296 312 869
286 4
264 285 289 290
287 6
214 265 271 295 305 315
288 4
201 296 304 869
289 9
212 231 239 248 266 285 286 290 299
290 4
264 286 289 299
291 9
196 222 228 237 248 249 253 302 307
292 5
195 232 234 235 298
293 6
194 221 223 251 273 274
294 4
216 259 311 847
295 7
194 202 214 215 269 287 315
296 6
201 239 243 285 288 869
297 6
244 270 272 273 284 303
298 4
232 234 292 300
299 6
200 218 231 264 289 290
300 6
232 234 241 257 298 547
301 5
209 238 254 269 313
302 6
225 228 253 259 283 291
303 5
210 270 272 279 297
304 5
201 219 288 824 869
305 4
214 265 287 311
306 4
213 250 276 847
307 6
218 231 248 249 253 291
308 5
196 222 237 265 316
309 4
203 262 815 844
310 4
254 313 314 559
311 8
214 216 228 255 259 265 294 305
312 6
198 264 285 836 842 869
313 7
209 241 254 257 301 310 559
314 8
194 202 254 274 310 486 501 559
315 4
215 271 287 295
316 9
196 199 209 247 265 269 271 275 308
317 7
319 322 329 330 332 340 944
318 9
2 31 65 101 106 117 331 333 336
319 7
317 330 332 335 341 804 810
320 5
323 325 329 330 336
321 6
322 335 341 806 807 812
322 7
317 321 332 335 340 807 811
323 6
320 325 330 334 338 810
324 6
106 267 339 487 518 945
325 6
320 323 327 331 336 338
326 5
328 329 333 942 944
327 4
31 325 331 338
328 6
326 333 337 339 942 949
329 7
317 320 326 330 333 336 944
330 7
317 319 320 323 329 336 810
331 5
31 318 325 327 336
332 4
317 319 322 335
333 8
73 106 318 326 328 329 336 337
334 8
31 61 108 323 338 804 808 810
335 5
319 321 322 332 341
336 7
318 320 325 329 330 331 333
337 5
15 73 328 333 339
338 5
31 323 325 327 334
339 5
324 328 337 945 949
340 8
317 322 811 933 944 951 965 969
341 4
319 321 335 812
342 9
344 348 349 350 351 588 597 599 616
343 4
344 346 353 357
344 7
342 343 351 353 357 588 616
345 6
347 348 349 352 354 355
346 6
343 353 356 357 382 1044
347 5
345 348 352 591 598
348 6
342 345 347 349 597 598
349 5
342 345 348 350 355
350 5
342 349 351 355 357
351 4
342 344 350 357
352 4
345 347 354 591
353 6
343 344 346 382 588 609
354 11
345 352 355 587 591 593 612 619 675 676 1072
355 16
345 349 350 354 356 357 1044 1045 1054 1056 1057 1058 1061 1072 1074 1077
356 4
346 355 357 1044
357 7
343 344 346 350 351 355 356
358 6
364 368 385 391 393 396
359 3
362 374 387
360 6
361 368 370 381 394 705
361 4
360 381 705 721
362 8
359 369 376 381 387 389 716 741
363 5
365 378 388 392 992
364 6
358 368 378 383 390 396
365 7
363 366 372 378 383 388 390
366 6
365 367 372 379 388 395
367 5
366 377 379 395 956
368 10
358 360 364 373 375 378 381 386 393 394
369 4
362 376 720 741
370 4
360 394 705 743
371 4
380 390 396 604
372 5
365 366 380 390 395
373 5
368 374 381 386 391
374 5
359 373 387 391 614
375 5
368 378 392 394 977
376 8
362 369 381 706 720 721 740 746
377 7
367 379 384 956 959 982 989
378 7
363 364 365 368 375 383 392
379 4
366 367 377 384
380 10
371 372 390 395 601 604 605 607 620 956
381 7
360 361 362 368 373 376 721
382 7
346 353 389 588 609 1039 1044
383 4
364 365 378 390
384 5
377 379 971 982 992
385 5
358 391 396 602 614
386 4
368 373 391 393
387 5
359 362 374 389 614
388 4
363 365 366 992
389 9
362 382 387 609 611 614 707 716 1039
390 7
364 365 371 372 380 383 396
391 7
358 373 374 385 386 393 614
392 5
363 375 378 977 992
393 4
358 368 386 391
394 4
360 368 370 375
395 5
366 367 372 380 956
396 5
358 364 371 385 390
397 11
402 406 407 416 418 626 633 635 636 637 638
398 7
171 408 410 415 419 763 877
399 3
401 407 416
400 5
403 404 407 649 655
401 3
399 407 411
402 4
397 406 407 639
403 9
400 404 405 413 420 643 647 655 763
404 5
400 403 405 407 411
405 3
403 404 763
406 3
397 402 646
407 11
397 399 400 401 402 404 411 416 639 649 657
408 4
171 174 398 410
409 4
415 760 763 775
410 7
173 174 398 408 414 420 763
411 3
401 404 407
412 1
416
413 4
403 414 420 763
414 4
410 413 420 763
415 4
398 409 419 775
416 5
397 399 407 412 418
417 4
419 752 770 878
418 2
397 416
419 8
398 415 417 752 770 775 877 878
420 7
163 173 403 410 413 414 643
421 11
14 97 424 425 432 436 438 445 446 447 448
422 10
35 75 179 423 430 437 907 910 915 917
423 5
422 430 434 436 437
424 3
14 421 432
425 4
421 428 445 446
426 6
428 429 431 433 442 446
427 7
428 441 442 902 908 914 915
428 8
425 426 427 437 441 442 445 446
429 3
426 431 446
430 5
25 35 422 423 434
431 9
426 429 433 435 438 440 443 444 446
432 4
14 421 424 438
433 4
426 431 440 913
434 7
25 60 423 430 436 439 447
435 3
431 438 444
436 6
421 423 434 437 445 447
437 7
422 423 428 436 441 445 917
438 5
421 431 432 435 446
439 3
60 109 434
440 4
431 433 443 913
441 5
427 428 437 908 917
442 5
426 427 428 900 914
443 3
431 440 444
444 3
431 435 443
445 5
421 425 428 436 437
446 7
421 425 426 428 429 431 438
447 9
13 32 36 60 72 421 434 436 448
448 5
13 97 113 421 447
449 3
509 524 548
450 5
452 474 491 530 560
451 6
471 494 497 522 523 561
452 7
450 455 458 474 491 522 563
453 6
149 479 515 517 526 946
454 7
489 494 519 529 927 955 968
455 5
452 491 522 557 560
456 8
474 497 503 506 525 535 544 563
457 8
149 512 526 595 937 938 946 970
458 4
452 497 522 563
459 5
464 536 542 549 564
460 5
487 498 518 555 562
461 6
465 475 476 521 552 554
462 8
204 217 527 534 540 541 543 553
463 4
487 529 557 929
464 7
149 459 469 496 536 542 545
465 4
149 461 552 554
466 4
149 475 496 552
467 7
470 501 502 531 538 547 559
468 4
508 513 543 564
469 4
149 464 477 545
470 6
467 501 538 541 543 553
471 6
451 485 497 525 544 561
472 6
498 499 510 513 550 556
473 4
474 503 528 537
474 9
450 452 456 473 500 503 528 530 563
475 8
461 466 495 496 521 552 667 686
476 5
461 492 493 521 554
477 5
149 469 503 506 545
478 5
270 279 486 540 553
479 6
453 517 532 533 546 946
480 7
224 282 483 495 505 551 686
481 6
490 508 531 538 549 564
482 7
235 483 490 495 502 504 551
483 4
480 482 495 551
484 5
507 524 548 935 941
485 6
471 525 532 533 535 561
486 6
270 274 314 478 501 553
487 10
324 460 463 518 520 555 557 560 929 945
488 5
490 495 496 536 549
489 5
454 494 507 935 955
490 7
481 482 488 495 502 531 549
491 4
450 452 455 560
492 6
476 493 521 660 661 667
493 6
149 476 492 554 661 672
494 8
451 454 489 507 519 522 523 548
495 8
475 480 482 483 488 490 496 686
496 7
149 464 466 475 488 495 536
497 7
451 456 458 471 522 544 563
498 6
460 472 499 550 555 562
499 4
472 498 510 555
500 6
474 511 528 530 539 556
501 8
274 314 467 470 486 538 553 559
502 6
467 482 490 504 531 547
503 7
456 473 474 477 506 537 545
504 5
234 235 482 502 547
505 5
480 516 666 683 686
506 5
149 456 477 503 535
507 5
484 489 494 548 935
508 6
468 481 538 543 549 564
509 7
449 524 546 548 561 946 950
510 7
472 499 511 520 555 556 560
511 5
500 510 530 556 560
512 4
457 515 526 946
513 10
468 472 527 537 539 543 550 556 558 564
514 7
217 252 268 527 550 558 562
515 4
453 512 526 946
516 7
277 282 505 662 663 666 1032
517 5
149 453 479 532 535
518 5
267 324 460 487 562
519 4
454 494 522 529
520 4
487 510 555 560
521 5
461 475 476 492 667
522 9
451 452 455 458 494 497 519 529 557
523 4
451 494 548 561
524 8
449 484 509 548 932 941 950 966
525 5
456 471 485 535 544
526 5
149 453 457 512 515
527 6
217 462 513 514 543 558
528 5
473 474 500 537 539
529 7
454 463 519 522 557 927 929
530 5
450 474 500 511 560
531 5
467 481 490 502 538
532 5
479 485 517 533 535
533 5
479 485 532 546 561
534 6
204 206 210 279 462 540
535 7
149 456 485 506 517 525 532
536 6
459 464 488 496 549 564
537 8
473 503 513 528 539 542 545 564
538 7
467 470 481 501 508 531 543
539 5
500 513 528 537 556
540 5
279 462 478 534 553
541 4
462 470 543 553
542 5
459 464 537 545 564
543 8
462 468 470 508 513 527 538 541
544 4
456 471 497 525
545 6
464 469 477 503 537 542
546 6
479 509 533 561 946 950
547 7
234 241 300 467 502 504 559
548 8
449 484 494 507 509 523 524 561
549 7
459 481 488 490 508 536 564
550 6
472 498 513 514 558 562
551 5
224 235 480 482 483
552 5
149 461 465 466 475
553 7
462 470 478 486 501 540 541
554 5
149 461 465 476 493
555 6
460 487 498 499 510 520
556 6
472 500 510 511 513 539
557 6
455 463 487 522 529 560
558 4
513 514 527 550
559 7
241 310 313 314 467 501 547
560 9
450 455 487 491 510 511 520 530 557
561 8
451 471 485 509 523 533 546 548
562 10
242 252 256 267 268 460 498 514 518 550
563 5
452 456 458 474 497
564 9
459 468 481 508 513 536 537 542 549
565 7
115 120 567 568 572 575 579
566 1
586
567 6
565 570 571 572 573 581
568 2
565 579
569 7
7 20 575 579 585 808 809
570 5
567 572 578 581 582
571 4
567 576 577 581
572 4
120 565 567 570
573 2
567 577
574 3
580 583 585
575 7
20 22 88 115 565 569 579
576 8
571 577 584 976 977 981 1000 1005
577 5
571 573 576 584 585
578 2
570 582
579 4
565 568 569 575
580 3
574 583 584
581 3
567 570 571
582 6
42 72 113 570 578 586
583 10
574 580 584 585 805 809 812 974 985 986
584 8
576 577 580 583 976 986 988 1008
585 5
569 574 577 583 809
586 3
113 566 582
587 6
354 590 608 612 619 956
588 8
342 344 353 382 609 611 616 621
589 5
592 597 598 607 610
590 6
587 619 622 930 952 956
591 7
347 352 354 594 598 600 612
592 7
589 597 599 610 616 617 621
593 6
354 595 619 622 676 925
594 5
591 600 608 612 623
595 7
149 457 593 676 925 938 970
596 5
606 611 613 617 621
597 6
342 348 589 592 598 599
598 9
347 348 589 591 597 600 607 618 623
599 4
342 592 597 616
600 4
591 594 598 623
601 5
380 605 618 620 623
602 5
385 603 611 613 614
603 6
602 604 606 610 613 617
604 5
371 380 603 607 610
605 4
380 601 607 618
606 4
596 603 613 617
607 7
380 589 598 604 605 610 618
608 7
587 594 612 615 620 623 956
609 5
353 382 389 588 611
610 6
589 592 603 604 607 617
611 8
389 588 596 602 609 613 614 621
612 5
354 587 591 594 608
613 5
596 602 603 606 611
614 7
374 385 387 389 391 602 611
615 3
608 620 956
616 6
342 344 588 592 599 621
617 6
592 596 603 606 610 621
618 5
598 601 605 607 623
619 5
354 587 590 593 622
620 6
380 601 608 615 623 956
621 6
588 592 596 611 616 617
622 5
590 593 619 925 952
623 7
594 598 600 601 608 618 620
624 8
625 626 627 629 630 631 632 633
625 3
624 629 630
626 5
397 624 633 637 638
627 3
624 629 633
628 2
633 636
629 4
624 625 627 633
630 2
624 625
631 3
624 632 634
632 3
624 631 634
633 7
397 624 626 627 628 629 636
634 2
631 632
635 2
397 636
636 4
397 628 633 635
637 4
397 626 638 642
638 7
397 626 637 642 645 646 652
639 3
402 407 657
640 5
128 146 156 644 648
641 4
644 650 651 659
642 3
637 638 652
643 6
163 164 167 403 420 647
644 5
128 640 641 650 654
645 6
638 646 650 652 653 658
646 4
406 638 645 650
647 5
167 177 403 643 655
648 3
156 162 640
649 5
400 407 655 656 657
650 6
641 644 645 646 653 654
651 5
159 193 641 657 659
652 4
638 642 645 658
653 6
135 138 645 650 654 658
654 5
128 138 644 650 653
655 7
170 177 400 403 647 649 656
656 5
170 188 649 655 657
657 6
188 407 639 649 651 656
658 9
126 133 135 141 144 145 645 652 653
659 5
162 180 193 641 651
660 6
492 661 667 680 683 684
661 6
492 493 660 664 672 684
662 5
277 516 663 1032 1038
663 5
516 662 666 680 1038
664 4
661 672 684 687
665 7
149 668 669 672 676 677 687
666 5
505 516 663 680 683
667 6
475 492 521 660 683 686
668 5
665 669 671 677 687
669 3
665 668 687
670 4
671 681 685 687
671 5
668 670 677 685 687
672 6
149 493 661 664 665 687
673 7
678 679 681 682 687 1071 1084
674 4
676 677 685 688
675 5
354 676 688 1071 1072
676 9
149 354 593 595 665 674 675 677 688
677 6
665 668 671 674 676 685
678 3
673 682 1071
679 7
673 680 687 1025 1028 1083 1084
680 10
660 663 666 679 683 684 687 1025 1036 1038
681 6
670 673 682 685 687 688
682 5
673 678 681 688 1071
683 6
505 660 666 667 680 686
684 5
660 661 664 680 687
685 6
670 671 674 677 681 688
686 6
475 480 495 505 667 683
687 12
664 665 668 669 670 671 672 673 679 680 681 684
688 7
674 675 676 681 682 685 1071
689 9
696 698 704 709 747 1040 1041 1049 1051
690 5
693 696 707 739 742
691 4
701 710 715 734
692 5
698 711 722 737 738
693 4
690 696 740 742
694 7
718 723 724 735 736 737 748
695 5
697 716 720 739 742
696 7
689 690 693 704 707 740 1040
697 4
695 716 720 741
698 7
689 692 711 717 738 747 750
699 5
709 712 713 715 733
700 4
715 731 733 1041
701 4
691 702 710 715
702 4
701 710 725 735
703 5
705 706 723 724 730
704 6
689 696 708 717 740 746
705 9
360 361 370 703 706 719 721 724 743
706 6
376 703 705 721 730 746
707 8
389 690 696 716 739 1039 1040 1046
708 5
704 717 722 738 746
709 8
689 699 713 714 733 747 750 1041
710 6
691 701 702 725 734 745
711 7
692 698 714 732 737 749 750
712 4
699 713 715 734
713 7
699 709 712 714 728 734 745
714 6
709 711 713 728 749 750
715 10
691 699 700 701 712 731 733 734 1041 1050
716 7
362 389 695 697 707 739 741
717 4
698 704 708 738
718 4
694 722 723 737
719 3
705 724 727
720 8
369 376 695 697 739 740 741 742
721 5
361 376 381 705 706
722 6
692 708 718 723 737 738
723 6
694 703 718 722 724 730
724 7
694 703 705 719 723 727 736
725 5
702 710 735 744 745
726 3
727 729 736
727 4
719 724 726 736
728 5
713 714 734 745 749
729 3
726 736 748
730 4
703 706 723 746
731 3
700 715 1041
732 4
711 737 744 749
733 5
699 700 709 715 1041
734 7
691 710 712 713 715 728 745
735 5
694 702 725 737 744
736 6
694 724 726 727 729 748
737 9
692 694 711 718 722 732 735 744 749
738 5
692 698 708 717 722
739 6
690 695 707 716 720 742
740 7
376 693 696 704 720 742 746
741 5
362 369 697 716 720
742 6
690 693 695 720 739 740
743 2
370 705
744 6
725 732 735 737 745 749
745 7
710 713 725 728 734 744 749
746 6
376 704 706 708 730 740
747 4
689 698 709 750
748 3
694 729 736
749 7
711 714 728 732 737 744 745
750 5
698 709 711 714 747
751 7
754 765 772 781 783 786 789
752 10
417 419 755 757 767 770 771 775 783 788
753 6
754 757 761 762 779 893
754 8
751 753 758 761 762 772 777 781
755 4
752 773 783 788
756 4
759 774 776 784
757 8
752 753 770 779 788 841 878 893
758 6
754 768 772 777 778 787
759 9
220 756 769 776 784 787 827 833 849
760 4
409 763 775 785
761 7
753 754 774 776 777 893 897
762 5
753 754 779 781 782
763 8
398 403 405 409 410 413 414 760
764 3
780 785 786
765 5
751 766 781 782 783
766 6
765 773 779 782 783 788
767 4
752 771 780 783
768 3
758 778 787
769 4
759 776 777 787
770 5
417 419 752 757 878
771 4
752 767 775 780
772 5
751 754 758 778 789
773 4
755 766 783 788
774 5
756 761 776 784 897
775 8
409 415 419 752 760 771 780 785
776 6
756 759 761 769 774 777
777 6
754 758 761 769 776 787
778 4
758 768 772 789
779 6
753 757 762 766 782 788
780 7
764 767 771 775 783 785 786
781 5
751 754 762 765 782
782 5
762 765 766 779 781
783 9
751 752 755 765 766 767 773 780 786
784 6
756 759 774 849 894 897
785 5
760 764 775 780 786
786 5
751 764 780 783 785
787 6
220 758 759 768 769 777
788 6
752 755 757 766 773 779
789 3
751 772 778
790 5
792 793 797 798 801
791 3
792 794 799
792 8
790 791 794 797 799 801 931 980
793 5
790 795 798 800 801
794 4
791 792 799 931
795 6
793 800 801 802 972 1007
796 4
799 960 980 1003
797 7
790 792 798 980 995 1003 1012
798 6
790 793 797 800 995 996
799 7
791 792 794 796 931 960 980
800 6
793 795 798 972 983 996
801 9
790 792 793 795 802 924 928 931 965
802 10
795 801 803 806 807 811 965 974 983 1007
803 3
802 807 811
804 4
319 334 808 810
805 3
583 812 985
806 4
321 802 807 812
807 6
321 322 802 803 806 811
808 6
7 61 334 569 804 809
809 4
569 583 585 808
810 5
319 323 330 334 804
811 7
322 340 802 803 807 951 965
812 5
321 341 583 805 806
813 6
829 845 848 864 878 894
814 4
839 850 859 881
815 6
203 272 309 844 855 875
816 5
826 837 856 861 873
817 5
250 276 853 875 896
818 5
822 846 882 898 899
819 8
124 820 848 876 877 879 886 889
820 4
819 848 886 899
821 10
80 256 267 832 840 852 857 858 892 896
822 6
818 846 870 874 882 890
823 3
829 893 897
824 7
201 219 304 843 862 884 885
825 5
211 833 843 862 885
826 6
816 837 849 866 873 880
827 4
759 833 849 880
828 11
225 259 834 836 842 847 865 867 868 872 891
829 6
813 823 864 893 894 897
830 6
835 850 851 871 888 889
831 4
853 859 881 896
832 5
80 124 821 858 876
833 8
211 220 759 825 827 843 863 880
834 6
828 851 868 871 872 890
835 4
830 839 850 888
836 7
198 312 828 842 865 869 883
837 7
816 826 856 865 866 882 898
838 4
846 854 886 889
839 5
814 835 850 859 888
840 2
821 892
841 3
757 878 893
842 7
198 208 225 283 312 828 836
843 6
824 825 833 863 884 885
844 6
256 262 309 815 855 857
845 4
813 848 873 894
846 7
818 822 838 854 870 886 899
847 10
197 213 216 225 250 259 294 306 828 891
848 11
813 819 820 845 860 861 873 878 879 886 899
849 8
759 784 826 827 873 880 887 894
850 8
814 830 835 839 851 868 881 891
851 5
830 834 850 868 871
852 5
821 855 875 892 896
853 5
276 817 831 881 896
854 4
838 846 870 889
855 6
815 844 852 857 875 892
856 4
816 837 861 898
857 5
256 821 844 855 892
858 4
821 832 876 896
859 6
814 831 839 881 888 896
860 3
848 878 879
861 6
816 848 856 873 898 899
862 8
201 211 227 233 278 824 825 885
863 5
833 843 866 880 884
864 4
813 829 878 893
865 8
828 836 837 866 867 882 883 895
866 9
219 826 837 863 865 869 880 883 884
867 4
828 865 872 895
868 5
828 834 850 851 891
869 9
219 285 288 296 304 312 836 866 883
870 5
822 846 854 889 890
871 5
830 834 851 889 890
872 7
828 834 867 874 882 890 895
873 8
816 826 845 848 849 861 887 894
874 4
822 872 882 890
875 8
250 272 284 815 817 852 855 896
876 6
124 819 832 858 889 896
877 10
124 157 171 182 186 398 419 819 878 879
878 12
417 419 757 770 813 841 848 860 864 877 879 893
879 5
819 848 860 877 878
880 6
826 827 833 849 863 866
881 8
276 281 814 831 850 853 859 891
882 8
818 822 837 865 872 874 895 898
883 4
836 865 866 869
884 5
219 824 843 863 866
885 4
824 825 843 862
886 7
819 820 838 846 848 889 899
887 3
849 873 894
888 6
830 835 839 859 889 896
889 11
819 830 838 854 870 871 876 886 888 890 896
890 7
822 834 870 871 872 874 889
891 7
213 281 828 847 850 868 881
892 5
821 840 852 855 857
893 9
753 757 761 823 829 841 864 878 897
894 8
784 813 829 845 849 873 887 897
895 4
865 867 872 882
896 11
817 821 831 852 853 858 859 875 876 888 889
897 7
761 774 784 823 829 893 894
898 6
818 837 856 861 882 899
899 7
818 820 846 848 861 886 898
900 7
442 904 911 913 914 922 923
901 5
159 165 906 919 920
902 4
427 908 915 917
903 7
161 905 909 911 912 918 923
904 6
900 909 911 914 916 920
905 4
161 903 912 918
906 4
165 901 915 920
907 4
151 179 422 910
908 4
427 441 902 917
909 7
903 904 911 912 916 919 920
910 5
151 422 907 915 921
911 5
900 903 904 909 923
912 6
159 161 903 905 909 919
913 4
433 440 900 922
914 4
427 442 900 904
915 8
165 422 427 902 906 910 917 921
916 3
904 909 920
917 6
422 437 441 902 908 915
918 8
150 154 161 168 903 905 922 923
919 5
159 901 909 912 920
920 6
901 904 906 909 916 919
921 4
151 165 910 915
922 4
900 913 918 923
923 5
900 903 911 918 922
924 8
801 926 928 931 935 955 961 964
925 5
593 595 622 938 952
926 4
924 928 955 968
927 5
454 529 929 947 968
928 5
801 924 926 965 968
929 10
463 487 529 927 940 945 947 948 949 969
930 6
590 934 936 952 956 959
931 7
792 794 799 801 924 960 961
932 4
524 937 950 966
933 6
340 940 942 944 954 969
934 9
930 936 953 959 960 963 978 1003 1006
935 8
484 489 507 924 939 941 955 964
936 7
930 934 952 953 957 958 962
937 7
457 932 946 950 958 966 970
938 6
457 595 925 952 957 970
939 5
935 941 943 964 966
940 6
929 933 942 949 954 969
941 5
484 524 935 939 966
942 7
326 328 933 940 944 949 954
943 5
939 958 962 964 966
944 6
317 326 329 340 933 942
945 5
324 339 487 929 949
946 10
453 457 479 509 512 515 546 937 950 970
947 4
927 929 948 968
948 6
929 947 951 965 968 969
949 6
328 339 929 940 942 945
950 6
509 524 546 932 937 946
951 5
340 811 948 965 969
952 7
590 622 925 930 936 938 957
953 7
934 936 961 962 963 964 967
954 3
933 940 942
955 6
454 489 924 926 935 968
956 11
367 377 380 395 587 590 608 615 620 930 959
957 5
936 938 952 958 970
958 7
936 937 943 957 962 966 970
959 9
377 930 934 956 978 987 989 997 998
960 7
796 799 931 934 961 963 1003
961 7
924 931 953 960 963 964 967
962 5
936 943 953 958 964
963 4
934 953 960 961
964 8
924 935 939 943 953 961 962 967
965 8
340 801 802 811 928 948 951 968
966 7
524 932 937 939 941 943 958
967 3
953 961 964
968 8
454 926 927 928 947 948 955 965
969 6
340 929 933 940 948 951
970 7
457 595 937 938 946 957 958
971 7
384 977 982 984 992 997 1011
972 4
795 800 983 1007
973 4
979 1000 1005 1006
974 7
583 802 975 983 985 986 1004
975 4
974 986 1004 1008
976 7
576 584 979 988 1001 1005 1012
977 7
375 392 576 971 981 984 992
978 8
934 959 987 990 991 1002 1006 1010
979 6
973 976 1003 1005 1006 1012
980 5
792 796 797 799 1003
981 7
576 977 984 993 999 1000 1010
982 6
377 384 971 989 997 998
983 7
800 802 972 974 996 1004 1007
984 5
971 977 981 993 1011
985 3
583 805 974
986 5
583 584 974 975 1008
987 7
959 978 990 991 997 1009 1010
988 5
584 976 994 1001 1008
989 4
377 959 982 998
990 3
978 987 991
991 4
978 987 990 1010
992 6
363 384 388 392 971 977
993 5
981 984 999 1009 1011
994 6
988 995 996 1001 1004 1008
995 6
797 798 994 996 1001 1012
996 6
798 800 983 994 995 1004
997 7
959 971 982 987 998 1009 1011
998 4
959 982 989 997
999 4
981 993 1009 1010
1000 6
576 973 981 1005 1006 1010
1001 5
976 988 994 995 1012
1002 3
978 1006 1010
1003 8
796 797 934 960 979 980 1006 1012
1004 6
974 975 983 994 996 1008
1005 5
576 973 976 979 1000
1006 8
934 973 978 979 1000 1002 1003 1010
1007 4
795 802 972 983
1008 6
584 975 986 988 994 1004
1009 6
987 993 997 999 1010 1011
1010 9
978 981 987 991 999 1000 1002 1006 1009
1011 5
971 984 993 997 1009
1012 6
797 976 979 995 1001 1003
1013 3
1014 1015 1017
1014 5
1013 1016 1017 1018 1019
1015 5
1013 1017 1023 1029 1082
1016 5
220 236 1014 1018 1019
1017 5
1013 1014 1015 1019 1023
1018 4
220 236 1014 1016
1019 8
226 236 1014 1016 1017 1023 1024 1033
1020 8
240 260 263 1021 1025 1027 1028 1034
1021 5
260 1020 1025 1031 1036
1022 4
196 258 1031 1036
1023 6
1015 1017 1019 1029 1033 1035
1024 4
212 226 1019 1033
1025 6
679 680 1020 1021 1028 1036
1026 4
258 1032 1036 1038
1027 5
263 1020 1030 1034 1035
1028 5
679 1020 1025 1034 1083
1029 6
1015 1023 1030 1035 1037 1082
1030 5
1027 1029 1034 1035 1037
1031 5
196 260 1021 1022 1036
1032 6
258 277 516 662 1026 1038
1033 5
212 1019 1023 1024 1035
1034 6
1020 1027 1028 1030 1037 1083
1035 8
212 263 266 1023 1027 1029 1030 1033
1036 8
258 680 1021 1022 1025 1026 1031 1038
1037 5
1029 1030 1034 1082 1083
1038 6
662 663 680 1026 1032 1036
1039 8
382 389 707 1043 1044 1046 1047 1051
1040 5
689 696 707 1046 1049
1041 10
689 700 709 715 731 733 1042 1043 1050 1051
1042 6
1041 1043 1044 1045 1048 1050
1043 5
1039 1041 1042 1044 1051
1044 8
346 355 356 382 1039 1042 1043 1045
1045 5
355 1042 1044 1054 1058
1046 5
707 1039 1040 1047 1049
1047 4
1039 1046 1049 1051
1048 2
1042 1050
1049 5
689 1040 1046 1047 1051
1050 4
715 1041 1042 1048
1051 6
689 1039 1041 1043 1047 1049
1052 2
1060 1062
1053 3
1054 1058 1059
1054 6
355 1045 1053 1058 1059 1061
1055 5
1057 1059 1062 1077 1078
1056 3
355 1057 1077
1057 6
355 1055 1056 1059 1061 1077
1058 4
355 1045 1053 1054
1059 6
1053 1054 1055 1057 1061 1062
1060 2
1052 1062
1061 4
355 1054 1057 1059
1062 4
1052 1055 1059 1060
1063 6
1064 1066 1068 1069 1070 1084
1064 3
1063 1070 1084
1065 2
1066 1067
1066 4
1063 1065 1068 1069
1067 1
1065
1068 2
1063 1066
1069 5
1063 1066 1070 1075 1079
1070 6
1063 1064 1069 1071 1073 1079
1071 9
673 675 678 682 688 1070 1072 1073 1084
1072 6
354 355 675 1071 1073 1074
1073 6
1070 1071 1072 1074 1076 1079
1074 5
355 1072 1073 1076 1077
1075 5
1069 1076 1077 1079 1080
1076 5
1073 1074 1075 1077 1079
1077 8
355 1055 1056 1057 1074 1075 1076 1078
1078 2
1055 1077
1079 5
1069 1070 1073 1075 1076
1080 1
1075
1081 2
1082 1084
1082 6
1015 1029 1037 1081 1083 1084
1083 6
679 1028 1034 1037 1082 1084
1084 8
673 679 1063 1064 1071 1081 1082 1083
